load
gamemode 0
putfloor 15 3 1800 1200
putfloor 26 3 600 1200
putfloor 48 5 -600 0
putfloor 16 3 600 2400
putfloor 17 3 1800 2400
putfloor 250 66 3000 1200
putfloor 1 1 600 0
putfloor 266 71 600 3600
putfloor 115 16 3000 0
putfloor 148 31 1800 0
putfloor 91 12 -1800 3600
putfloor 239 61 -600 2400
putfloor 72 9 -600 3600
putfloor 86 11 1800 3600
putfloor 65 8 -600 1200
putfloor 98 13 3000 2400
putcube 88 11 1800 4500 1200 450 150 300
putcube 49 5 300 -150 300 1500 1200 300
putcube 270 71 1500 4500 300 450 150 300
putcube 150 31 1800 900 300 450 150 300
putcube 151 31 2700 900 300 450 150 300
putcube 275 72 900 4650 300 450 150 300
putcube 155 32 1800 300 300 300 150 150
putcube 233 58 -600 2550 300 450 150 300
putcube 277 73 1200 4650 300 450 150 300
putcube 157 33 1800 150 300 300 150 150
putcube 235 59 -600 3300 300 450 150 300
putcube 279 74 -900 3000 300 450 150 300
putcube 116 16 3000 -150 1200 450 150 300
putcube 237 60 -600 3150 300 450 150 300
putcube 117 16 3900 0 300 1350 1050 300
putcube 92 12 -900 3450 300 1500 1200 300
putcube 93 12 -1800 3450 300 450 150 300
putcube 50 5 -600 900 1200 450 150 300
putcube 94 12 -1800 4500 300 450 150 300
putcube 99 13 3000 2250 300 1500 1200 300
putcube 18 3 1500 3300 300 450 150 300
putcube 19 3 1800 3300 300 450 150 300
putcube 281 75 -900 2850 300 450 150 300
putcube 283 76 -900 2700 300 450 150 300
putcube 163 36 1650 1650 300 300 150 150
putcube 240 61 -600 2250 1200 450 150 300
putcube 120 17 1500 2100 300 300 150 150
putcube 165 37 2250 2850 300 300 150 150
putcube 242 62 900 -450 300 450 150 300
putcube 122 18 1650 2300 300 300 150 150
putcube 287 78 4200 1350 300 450 150 300
putcube 2 1 600 -150 300 450 150 300
putcube 167 38 2100 3900 300 300 150 150
putcube 244 63 1200 -450 300 450 150 300
putcube 3 1 1500 -150 300 450 150 300
putcube 124 19 1800 2100 300 300 150 150
putcube 289 79 4200 1500 300 450 150 300
putcube 4 1 600 900 300 450 150 300
putcube 5 1 1500 900 300 450 150 300
putcube 126 20 3150 500 300 300 150 150
putcube 128 21 3300 700 300 300 150 150
putcube 20 3 2700 3300 300 450 150 300
putcube 21 3 600 3300 300 450 150 300
putcube 66 8 300 1050 300 1500 1200 300
putcube 22 3 2700 2250 300 450 150 300
putcube 23 3 600 2250 300 450 150 300
putcube 67 8 -600 1050 300 450 150 300
putcube 24 3 2700 2100 300 450 150 300
putcube 68 8 -600 2100 300 450 150 300
putcube 25 3 600 2100 300 450 150 300
putcube 27 3 600 1050 300 450 150 300
putcube 28 3 1500 1050 300 450 150 300
putcube 29 3 1800 1050 300 450 150 300
putcube 291 80 3900 1950 300 450 150 300
putcube 171 40 1650 450 300 300 150 150
putcube 293 81 3900 1800 300 450 150 300
putcube 130 22 3000 1800 300 300 150 150
putcube 251 66 3000 2100 1200 450 150 300
putcube 295 82 3900 1200 300 450 150 300
putcube 252 66 3000 1050 300 450 150 300
putcube 253 66 3900 1050 300 450 150 300
putcube 297 83 4200 1650 300 450 150 300
putcube 134 24 2400 150 300 300 150 150
putcube 136 25 2100 150 300 300 150 150
putcube 138 26 300 2550 300 300 150 150
putcube 73 9 -600 4500 1200 450 150 300
putcube 30 3 2700 1050 300 450 150 300
putcube 74 9 -600 3450 300 450 150 300
putcube 75 9 300 3450 300 450 150 300
putcube 140 27 100 3750 300 300 150 150
putcube 142 28 1100 2850 300 300 150 150
putcube 100 13 3900 2250 300 450 150 300
putcube 101 13 3900 3300 300 450 150 300
putcube 267 71 600 3450 300 450 150 300
putcube 224 54 1950 4050 300 300 150 150
putcube 268 71 1500 3450 300 450 150 300
putcube 269 71 600 4500 300 450 150 300
putcube 149 31 1800 -150 1200 450 150 300
putcube 87 11 2700 3450 300 1500 1200 300
putcollision 89 11 2700 3650 300 1200
putcollision 271 71 600 3650 300 150
putcollision 272 71 1500 3650 300 150
putcollision 152 31 1800 50 1200 150
putcollision 273 71 600 4700 300 150
putcollision 153 31 1800 1100 300 150
putcollision 274 71 1500 4700 300 150
putcollision 154 31 2700 1100 300 150
putcollision 276 72 900 4850 300 150
putcollision 156 32 1800 350 300 150
putcollision 234 58 -600 2750 300 150
putcollision 278 73 1200 4850 300 150
putcollision 158 33 1800 200 300 150
putcollision 236 59 -600 3500 300 150
putcollision 90 11 1800 4700 1200 150
putcollision 238 60 -600 3350 300 150
putcollision 118 16 3000 50 1200 150
putcollision 119 16 3900 50 300 1200
putcollision 51 5 300 50 300 1200
putcollision 95 12 -900 3650 300 1200
putcollision 52 5 -600 1100 1200 150
putcollision 96 12 -1800 3650 300 150
putcollision 97 12 -1800 4700 300 150
putcollision 280 74 -900 3200 300 150
putcollision 282 75 -900 3050 300 150
putcollision 284 76 -900 2900 300 150
putcollision 164 36 1650 1700 300 150
putcollision 241 61 -600 2450 1200 150
putcollision 121 17 1500 2150 300 150
putcollision 166 37 2250 2900 300 150
putcollision 243 62 900 -250 300 150
putcollision 123 18 1650 2350 300 150
putcollision 288 78 4200 1550 300 150
putcollision 168 38 2100 3950 300 150
putcollision 245 63 1200 -250 300 150
putcollision 125 19 1800 2150 300 150
putcollision 6 1 600 50 300 150
putcollision 127 20 3150 550 300 150
putcollision 7 1 1500 50 300 150
putcollision 8 1 600 1100 300 150
putcollision 129 21 3300 750 300 150
putcollision 9 1 1500 1100 300 150
putcollision 69 8 300 1250 300 1200
putcollision 290 79 4200 1700 300 150
putcollision 292 80 3900 2150 300 150
putcollision 172 40 1650 500 300 150
putcollision 294 81 3900 2000 300 150
putcollision 131 22 3000 1850 300 150
putcollision 296 82 3900 1400 300 150
putcollision 254 66 3000 1250 300 150
putcollision 298 83 4200 1850 300 150
putcollision 255 66 3900 1250 300 150
putcollision 135 24 2400 200 300 150
putcollision 256 66 3000 2300 1200 150
putcollision 137 25 2100 200 300 150
putcollision 139 26 300 2600 300 150
putcollision 70 8 -600 1250 300 150
putcollision 71 8 -600 2300 300 150
putcollision 31 3 1500 3500 300 150
putcollision 32 3 1800 3500 300 150
putcollision 76 9 -600 3650 300 150
putcollision 33 3 2700 3500 300 150
putcollision 77 9 300 3650 300 150
putcollision 34 3 600 3500 300 150
putcollision 78 9 -600 4700 1200 150
putcollision 35 3 2700 2450 300 150
putcollision 36 3 600 2450 300 150
putcollision 37 3 2700 2300 300 150
putcollision 38 3 600 2300 300 150
putcollision 39 3 600 1250 300 150
putcollision 141 27 100 3800 300 150
putcollision 143 28 1100 2900 300 150
putcollision 102 13 3000 2450 300 1200
putcollision 103 13 3900 2450 300 150
putcollision 104 13 3900 3500 300 150
putcollision 225 54 1950 4100 300 150
putcollision 40 3 1500 1250 300 150
putcollision 41 3 1800 1250 300 150
putcollision 42 3 2700 1250 300 150
putitem ITEM_PLAYERSPAWN 22 1800 3650
putitem ITEM_PLAYERSPAWN 23 3000 1400
putitem ITEM_PLAYERSPAWN 24 3300 200
putitem ITEM_PLAYERSPAWN 25 3000 200
putitem ITEM_PLAYERSPAWN 26 3000 900
putitem ITEM_PLAYERSPAWN 27 600 600
putitem ITEM_PLAYERSPAWN 28 600 300
putitem ITEM_PLAYERSPAWN 29 900 1500
putitem ITEM_PLAYERSPAWN 30 900 1800
putitem ITEM_PLAYERSPAWN 31 0 2600
putitem ITEM_SPAWNPOINT 10 2100 450
putitem ITEM_PLAYERSPAWN 32 -300 2600
putitem ITEM_TELEPORTER_BLUE 33 -600 2950
putitem ITEM_TELEPORTER_RED 34 1050 4550
putitem ITEM_TELEPORTER_BLUE 35 3900 1600
putitem ITEM_SPAWNPOINT 15 3600 200
putitem ITEM_TELEPORTER_RED 16 1050 -100
putitem ITEM_SPAWNPOINT 1 2700 2700
putitem ITEM_SPAWNPOINT 2 2700 3000
putitem ITEM_SPAWNPOINT 3 1500 3000
putitem ITEM_SPAWNPOINT 4 -600 3900
putitem ITEM_SPAWNPOINT 5 -600 4200
putitem ITEM_SPAWNPOINT 6 600 3800
putitem ITEM_SPAWNPOINT 7 600 1500
putitem ITEM_SPAWNPOINT 8 600 1800
putitem ITEM_SPAWNPOINT 9 2700 200
putitem ITEM_PLAYERSPAWN 20 300 4400
putitem ITEM_PLAYERSPAWN 21 2400 4400
