load
gamemode 2
putfloor 68 9 2700 -600
putfloor 58 7 -900 -1800
putfloor 36 3 1500 1800
putfloor 48 5 2700 600
putfloor 29 2 300 1800
putfloor 191 31 300 -3000
putfloor 182 30 1500 600
putfloor 173 29 300 600
putfloor 133 22 1500 -1800
putfloor 144 22 300 -1800
putfloor 134 22 300 -600
putfloor 200 32 1500 -3000
putfloor 135 22 1500 -600
putfloor 214 34 2700 -3000
putfloor 226 36 1500 -4200
putfloor 219 35 300 -4200
putfloor 209 33 -900 -3000
putfloor 63 8 2700 -1800
putfloor 53 6 -900 -600
putfloor 43 4 -900 600
putcube 44 4 -900 450 1200 450 150 300
putcube 45 4 0 600 300 1350 1050 300
putcube 89 13 900 -450 300 300 150 150
putcube 49 5 2700 600 300 1350 1050 300
putcube 192 31 300 -3150 300 450 150 300
putcube 193 31 1200 -3150 300 450 150 300
putcube 194 31 300 -2100 300 450 150 300
putcube 195 31 1200 -2100 300 450 150 300
putcube 50 5 2700 450 1200 450 150 300
putcube 54 6 -900 -750 300 1500 1200 300
putcube 55 6 -900 300 1200 450 150 300
putcube 99 18 2100 -1000 300 300 150 150
putcube 59 7 -900 -1800 300 1350 1050 300
putcube 161 23 1200 -600 300 300 150 150
putcube 163 24 1500 -600 300 300 150 150
putcube 165 25 1200 -750 300 300 150 150
putcube 167 26 1500 -750 300 300 150 150
putcube 201 32 1500 -3150 300 450 150 300
putcube 169 27 1500 -900 300 300 150 150
putcube 202 32 2400 -3150 300 450 150 300
putcube 203 32 1500 -2100 300 450 150 300
putcube 204 32 2400 -2100 300 450 150 300
putcube 60 7 -900 -1950 1200 450 150 300
putcube 64 8 2700 -1950 1200 450 150 300
putcube 65 8 3600 -1800 300 1350 1050 300
putcube 69 9 3600 -750 300 1500 1200 300
putcube 171 28 1200 -900 300 300 150 150
putcube 174 29 300 450 300 450 150 300
putcube 131 21 1350 1000 300 300 150 150
putcube 175 29 1200 450 300 450 150 300
putcube 176 29 300 1500 300 450 150 300
putcube 177 29 1200 1500 300 450 150 300
putcube 210 33 0 -3150 300 1500 1200 300
putcube 211 33 -900 -2100 1200 450 150 300
putcube 136 22 1200 300 300 450 150 300
putcube 137 22 1500 300 300 450 150 300
putcube 138 22 2400 300 300 450 150 300
putcube 215 34 2700 -3150 300 1500 1200 300
putcube 139 22 300 300 300 450 150 300
putcube 216 34 2700 -2100 1200 450 150 300
putcube 70 9 2700 300 1200 450 150 300
putcube 30 2 300 1650 1200 450 150 300
putcube 31 2 300 2700 300 450 150 300
putcube 32 2 1200 2700 300 450 150 300
putcube 37 3 1500 1650 1200 450 150 300
putcube 38 3 1500 2700 300 450 150 300
putcube 39 3 2400 2700 300 450 150 300
putcube 183 30 1500 450 300 450 150 300
putcube 140 22 2400 -750 300 450 150 300
putcube 184 30 2400 450 300 450 150 300
putcube 141 22 300 -750 300 450 150 300
putcube 185 30 1500 1500 300 450 150 300
putcube 142 22 2400 -900 300 450 150 300
putcube 186 30 2400 1500 300 450 150 300
putcube 143 22 300 -900 300 450 150 300
putcube 220 35 300 -3300 1200 450 150 300
putcube 221 35 300 -4350 300 450 150 300
putcube 145 22 300 -1950 300 450 150 300
putcube 101 19 1800 -1000 300 300 150 150
putcube 222 35 1200 -4350 300 450 150 300
putcube 146 22 1200 -1950 300 450 150 300
putcube 147 22 1500 -1950 300 450 150 300
putcube 148 22 2400 -1950 300 450 150 300
putcube 227 36 1500 -3300 1200 450 150 300
putcube 228 36 1500 -4350 300 450 150 300
putcube 229 36 2400 -4350 300 450 150 300
putcube 87 12 600 -450 300 300 150 150
putcollision 88 12 600 -400 300 150
putcollision 46 4 -900 650 1200 150
putcollision 47 4 0 650 300 1200
putcollision 190 30 2400 1700 300 150
putcollision 150 22 1500 500 300 150
putcollision 151 22 2400 500 300 150
putcollision 152 22 300 500 300 150
putcollision 196 31 300 -2950 300 150
putcollision 153 22 2400 -550 300 150
putcollision 197 31 1200 -2950 300 150
putcollision 230 36 1500 -4150 300 150
putcollision 154 22 300 -550 300 150
putcollision 198 31 300 -1900 300 150
putcollision 231 36 2400 -4150 300 150
putcollision 155 22 2400 -700 300 150
putcollision 199 31 1200 -1900 300 150
putcollision 232 36 1500 -3100 1200 150
putcollision 156 22 300 -700 300 150
putcollision 157 22 300 -1750 300 150
putcollision 158 22 1200 -1750 300 150
putcollision 159 22 1500 -1750 300 150
putcollision 90 13 900 -400 300 150
putcollision 51 5 2700 650 300 1200
putcollision 52 5 2700 650 1200 150
putcollision 56 6 -900 -550 300 1150
putcollision 57 6 -900 500 1200 150
putcollision 160 22 2400 -1750 300 150
putcollision 162 23 1200 -550 300 150
putcollision 164 24 1500 -550 300 150
putcollision 166 25 1200 -700 300 150
putcollision 168 26 1500 -700 300 150
putcollision 205 32 1500 -2950 300 150
putcollision 206 32 2400 -2950 300 150
putcollision 207 32 1500 -1900 300 150
putcollision 208 32 2400 -1900 300 150
putcollision 61 7 -900 -1750 300 1200
putcollision 62 7 -900 -1750 1200 150
putcollision 66 8 2700 -1750 1200 150
putcollision 67 8 3600 -1750 300 1200
putcollision 170 27 1500 -850 300 150
putcollision 172 28 1200 -850 300 150
putcollision 132 21 1350 1050 300 150
putcollision 178 29 300 650 300 150
putcollision 179 29 1200 650 300 150
putcollision 212 33 0 -2950 300 1200
putcollision 213 33 -900 -1900 1200 150
putcollision 217 34 2700 -2950 300 1150
putcollision 218 34 2700 -1900 1200 150
putcollision 71 9 3600 -550 300 1200
putcollision 72 9 2700 500 1200 150
putcollision 33 2 300 1850 1200 150
putcollision 34 2 300 2900 300 150
putcollision 35 2 1200 2900 300 150
putcollision 180 29 300 1700 300 150
putcollision 181 29 1200 1700 300 150
putcollision 187 30 1500 650 300 150
putcollision 100 18 2100 -950 300 150
putcollision 188 30 2400 650 300 150
putcollision 189 30 1500 1700 300 150
putcollision 102 19 1800 -950 300 150
putcollision 223 35 300 -4150 300 150
putcollision 224 35 1200 -4150 300 150
putcollision 225 35 300 -3100 1200 150
putcollision 149 22 1200 500 300 150
putcollision 40 3 1500 1850 1200 150
putcollision 41 3 1500 2900 300 150
putcollision 42 3 2400 2900 300 150
putitem ITEM_SPAWNPOINT 22 2100 -2950
putitem ITEM_SPAWNPOINT 23 300 -2200
putitem ITEM_SPAWNPOINT 24 2400 -2200
putitem ITEM_FLAG 25 1350 -400
putitem ITEM_PLAYERSPAWN 26 300 1200
putitem ITEM_PLAYERSPAWN 27 300 900
putitem ITEM_PLAYERSPAWN 28 2400 850
putitem ITEM_PLAYERSPAWN 29 2400 1200
putitem ITEM_PLAYERSPAWN 30 2400 -450
putitem ITEM_PLAYERSPAWN 31 600 -250
putitem ITEM_PLAYERSPAWN 32 900 -250
putitem ITEM_SPAWNPOINT 11 3300 0
putitem ITEM_PLAYERSPAWN 33 1200 -1600
putitem ITEM_SPAWNPOINT 12 3300 -300
putitem ITEM_PLAYERSPAWN 34 1500 -1600
putitem ITEM_SPAWNPOINT 13 -600 -300
putitem ITEM_PLAYERSPAWN 35 -600 -900
putitem ITEM_SPAWNPOINT 14 -600 0
putitem ITEM_PLAYERSPAWN 36 0 -1600
putitem ITEM_SPAWNPOINT 15 -600 -1500
putitem ITEM_PLAYERSPAWN 37 300 -2800
putitem ITEM_SPAWNPOINT 16 3300 -1500
putitem ITEM_PLAYERSPAWN 38 2400 -2800
putitem ITEM_PLAYERSPAWN 39 1500 -2400
putitem ITEM_SPAWNPOINT 19 600 -2950
putitem ITEM_TELEPORTER_BLUE 3 1950 -700
putitem ITEM_TELEPORTER_BLUE 4 750 -700
putitem ITEM_SPAWNPOINT 5 600 1500
putitem ITEM_SPAWNPOINT 6 900 1500
putitem ITEM_SPAWNPOINT 7 1800 1500
putitem ITEM_SPAWNPOINT 8 2100 1500
putitem ITEM_PLAYERSPAWN 40 1200 -2400
putitem ITEM_PLAYERSPAWN 41 3300 -900
putitem ITEM_SPAWNPOINT 20 900 -2950
putitem ITEM_SPAWNPOINT 21 1800 -2950
