load
gamemode 3
putfloor 11 3 1500 0
putfloor 45 9 2700 1200
putfloor 67 13 3900 2400
putfloor 57 11 3900 0
putfloor 38 8 1500 1200
putfloor 1 1 300 0
putfloor 100 15 5100 1200
putfloor 6 2 -900 0
putfloor 50 10 2700 0
putfloor 72 14 6300 2400
putfloor 83 14 5100 2400
putfloor 62 12 3900 1200
putfloor 73 14 5100 3600
putfloor 74 14 6300 3600
putfloor 31 7 300 1200
putfloor 21 5 -900 1200
putcube 22 5 -900 1050 300 1500 1200 300
putcube 23 5 -900 2100 1200 450 150 300
putcube 46 9 3600 1050 300 1500 1200 300
putcube 68 13 3900 2250 300 1500 1200 300
putcube 47 9 2700 2100 1200 450 150 300
putcube 69 13 3900 3300 1200 450 150 300
putcube 51 10 2700 -150 1200 450 150 300
putcube 52 10 2700 900 300 450 150 300
putcube 53 10 3600 900 300 450 150 300
putcube 75 14 6000 4500 300 450 150 300
putcube 32 7 300 2100 1200 450 150 300
putcube 76 14 6300 4500 300 450 150 300
putcube 33 7 300 1050 300 450 150 300
putcube 77 14 7200 4500 300 450 150 300
putcube 12 3 1500 0 300 1350 1050 300
putcube 34 7 1200 1050 300 450 150 300
putcube 78 14 5100 4500 300 450 150 300
putcube 13 3 1500 -150 1200 450 150 300
putcube 79 14 7200 3450 300 450 150 300
putcube 58 11 3900 -150 1200 450 150 300
putcube 59 11 4800 0 300 1350 1050 300
putcube 39 8 1500 2100 1200 450 150 300
putcube 2 1 300 -150 1200 450 150 300
putcube 101 15 5100 1050 1200 450 150 300
putcube 3 1 1200 0 300 1350 1050 300
putcube 102 15 5100 2100 300 450 150 300
putcube 103 15 6000 2100 300 450 150 300
putcube 7 2 -900 0 300 1350 1050 300
putcube 8 2 -900 -150 1200 450 150 300
putcube 80 14 5100 3450 300 450 150 300
putcube 81 14 7200 3300 300 450 150 300
putcube 82 14 5100 3300 300 450 150 300
putcube 40 8 1500 1050 300 450 150 300
putcube 84 14 5100 2250 300 450 150 300
putcube 41 8 2400 1050 300 450 150 300
putcube 63 12 3900 1050 1200 450 150 300
putcube 85 14 6000 2250 300 450 150 300
putcube 64 12 4800 1200 300 1350 1050 300
putcube 86 14 6300 2250 300 450 150 300
putcube 87 14 7200 2250 300 450 150 300
putcollision 44 8 1500 2300 1200 150
putcollision 66 12 4800 1250 300 1200
putcollision 88 14 6000 4700 300 150
putcollision 89 14 6300 4700 300 150
putcollision 24 5 -900 1250 300 1150
putcollision 25 5 -900 2300 1200 150
putcollision 48 9 3600 1250 300 1200
putcollision 49 9 2700 2300 1200 150
putcollision 90 14 7200 4700 300 150
putcollision 91 14 5100 4700 300 150
putcollision 70 13 3900 2450 300 1150
putcollision 92 14 7200 3650 300 150
putcollision 71 13 3900 3500 1200 150
putcollision 93 14 5100 3650 300 150
putcollision 94 14 7200 3500 300 150
putcollision 95 14 5100 3500 300 150
putcollision 96 14 5100 2450 300 150
putcollision 97 14 6000 2450 300 150
putcollision 54 10 2700 50 1200 150
putcollision 10 2 -900 50 1200 150
putcollision 98 14 6300 2450 300 150
putcollision 55 10 2700 1100 300 150
putcollision 99 14 7200 2450 300 150
putcollision 56 10 3600 1100 300 150
putcollision 35 7 300 1250 300 150
putcollision 14 3 1500 50 300 1200
putcollision 36 7 1200 1250 300 150
putcollision 37 7 300 2300 1200 150
putcollision 15 3 1500 50 1200 150
putcollision 4 1 300 50 1200 150
putcollision 5 1 1200 50 300 1200
putcollision 104 15 5100 1250 1200 150
putcollision 105 15 5100 2300 300 150
putcollision 106 15 6000 2300 300 150
putcollision 9 2 -900 50 300 1200
putcollision 60 11 3900 50 1200 150
putcollision 61 11 4800 50 300 1200
putcollision 42 8 1500 1250 300 150
putcollision 43 8 2400 1250 300 150
putcollision 65 12 3900 1250 1200 150
putitem ITEM_SPAWNPOINT 22 2400 1500
putitem ITEM_SPAWNPOINT 23 2700 1800
putitem ITEM_SPAWNPOINT 24 3000 1500
putitem ITEM_SPAWNPOINT 25 2700 1200
putitem ITEM_SPAWNPOINT 26 3300 1200
putitem ITEM_SPAWNPOINT 27 3300 1800
putitem ITEM_SPAWNPOINT 28 2400 900
putitem ITEM_TELEPORTER_BLUE 31 -600 2000
putitem ITEM_PLAYERSPAWN 10 0 1200
putitem ITEM_TELEPORTER_BLUE 32 4500 200
putitem ITEM_SPAWNPOINT 11 1800 300
putitem ITEM_SPAWNPOINT 33 3900 600
putitem ITEM_SPAWNPOINT 12 2100 600
putitem ITEM_SPAWNPOINT 34 3600 300
putitem ITEM_SPAWNPOINT 13 2400 300
putitem ITEM_SPAWNPOINT 14 2700 600
putitem ITEM_SPAWNPOINT 15 3000 300
putitem ITEM_SPAWNPOINT 16 3300 600
putitem ITEM_SPAWNPOINT 17 3000 900
putitem ITEM_SPAWNPOINT 18 1800 900
putitem ITEM_SPAWNPOINT 19 2100 1200
putitem ITEM_PLAYERSPAWN 1 -600 300
putitem ITEM_PLAYERSPAWN 2 -300 600
putitem ITEM_PLAYERSPAWN 3 0 300
putitem ITEM_PLAYERSPAWN 4 300 600
putitem ITEM_PLAYERSPAWN 5 600 300
putitem ITEM_PLAYERSPAWN 6 900 600
putitem ITEM_PLAYERSPAWN 7 0 900
putitem ITEM_PLAYERSPAWN 8 600 900
putitem ITEM_PLAYERSPAWN 9 -600 900
putitem ITEM_SPAWNPOINT 20 1800 1500
putitem ITEM_SPAWNPOINT 21 2100 1800
