load
gamemode 8
putfloor 48 5 2700 600
putfloor 191 31 300 -3000
putfloor 272 38 -2100 -5400
putfloor 430 44 3900 -1800
putfloor 233 37 3900 -5400
putfloor 431 44 5100 -1800
putfloor 234 37 2700 -4200
putfloor 235 37 3900 -4200
putfloor 356 41 -2100 1800
putfloor 317 40 -2100 -600
putfloor 318 40 -3300 600
putfloor 319 40 -2100 600
putfloor 53 6 -900 -600
putfloor 58 7 -900 -1800
putfloor 440 44 3900 -3000
putfloor 200 32 1500 -3000
putfloor 244 37 2700 -5400
putfloor 289 39 -2100 -3000
putfloor 401 43 5100 -600
putfloor 402 43 3900 600
putfloor 403 43 5100 600
putfloor 328 40 -3300 -600
putfloor 209 33 -900 -3000
putfloor 63 8 2700 -1800
putfloor 68 9 2700 -600
putfloor 29 2 300 1800
putfloor 290 39 -3300 -1800
putfloor 291 39 -2100 -1800
putfloor 173 29 300 600
putfloor 373 42 3900 1800
putfloor 374 42 2700 3000
putfloor 133 22 1500 -1800
putfloor 375 42 3900 3000
putfloor 134 22 300 -600
putfloor 135 22 1500 -600
putfloor 214 34 2700 -3000
putfloor 412 43 3900 -600
putfloor 219 35 300 -4200
putfloor 36 3 1500 1800
putfloor 182 30 1500 600
putfloor 261 38 -900 -5400
putfloor 262 38 -2100 -4200
putfloor 263 38 -900 -4200
putfloor 384 42 2700 1800
putfloor 144 22 300 -1800
putfloor 300 39 -3300 -3000
putfloor 345 41 -900 1800
putfloor 346 41 -2100 3000
putfloor 347 41 -900 3000
putfloor 226 36 1500 -4200
putfloor 429 44 5100 -3000
putfloor 43 4 -900 600
putcube 89 13 900 -450 300 300 150 150
putcube 192 31 300 -3150 300 450 150 300
putcube 193 31 1200 -3150 300 450 150 300
putcube 194 31 300 -2100 300 450 150 300
putcube 195 31 1200 -2100 300 450 150 300
putcube 350 41 0 3900 300 450 150 300
putcube 351 41 -2100 3900 300 450 150 300
putcube 352 41 0 2850 300 450 150 300
putcube 353 41 -2100 2850 300 450 150 300
putcube 354 41 0 2700 300 450 150 300
putcube 355 41 -2100 2700 300 450 150 300
putcube 236 37 3600 -3300 300 450 150 300
putcube 357 41 -2100 1650 300 450 150 300
putcube 237 37 3900 -3300 300 450 150 300
putcube 358 41 -1200 1650 300 450 150 300
putcube 238 37 4800 -3300 300 450 150 300
putcube 359 41 -900 1650 300 450 150 300
putcube 239 37 2700 -3300 300 450 150 300
putcube 99 18 2100 -1000 300 300 150 150
putcube 360 41 0 1650 300 450 150 300
putcube 240 37 4800 -4350 300 450 150 300
putcube 241 37 2700 -4350 300 450 150 300
putcube 242 37 4800 -4500 300 450 150 300
putcube 243 37 2700 -4500 300 450 150 300
putcube 245 37 2700 -5550 300 450 150 300
putcube 246 37 3600 -5550 300 450 150 300
putcube 247 37 3900 -5550 300 450 150 300
putcube 248 37 4800 -5550 300 450 150 300
putcube 404 43 4800 1500 300 450 150 300
putcube 405 43 5100 1500 300 450 150 300
putcube 406 43 6000 1500 300 450 150 300
putcube 407 43 3900 1500 300 450 150 300
putcube 408 43 6000 450 300 450 150 300
putcube 409 43 3900 450 300 450 150 300
putcube 131 21 1350 1000 300 300 150 150
putcube 376 42 3600 3900 300 450 150 300
putcube 377 42 3900 3900 300 450 150 300
putcube 410 43 6000 300 300 450 150 300
putcube 136 22 1200 300 300 450 150 300
putcube 378 42 4800 3900 300 450 150 300
putcube 411 43 3900 300 300 450 150 300
putcube 137 22 1500 300 300 450 150 300
putcube 379 42 2700 3900 300 450 150 300
putcube 138 22 2400 300 300 450 150 300
putcube 413 43 3900 -750 300 450 150 300
putcube 139 22 300 300 300 450 150 300
putcube 414 43 4800 -750 300 450 150 300
putcube 415 43 5100 -750 300 450 150 300
putcube 416 43 6000 -750 300 450 150 300
putcube 30 2 300 1650 1200 450 150 300
putcube 31 2 300 2700 300 450 150 300
putcube 32 2 1200 2700 300 450 150 300
putcube 37 3 1500 1650 1200 450 150 300
putcube 38 3 1500 2700 300 450 150 300
putcube 39 3 2400 2700 300 450 150 300
putcube 380 42 4800 2850 300 450 150 300
putcube 381 42 2700 2850 300 450 150 300
putcube 140 22 2400 -750 300 450 150 300
putcube 382 42 4800 2700 300 450 150 300
putcube 141 22 300 -750 300 450 150 300
putcube 383 42 2700 2700 300 450 150 300
putcube 142 22 2400 -900 300 450 150 300
putcube 143 22 300 -900 300 450 150 300
putcube 264 38 -1200 -3300 300 450 150 300
putcube 385 42 2700 1650 300 450 150 300
putcube 265 38 -900 -3300 300 450 150 300
putcube 386 42 3600 1650 300 450 150 300
putcube 145 22 300 -1950 300 450 150 300
putcube 266 38 0 -3300 300 450 150 300
putcube 387 42 3900 1650 300 450 150 300
putcube 146 22 1200 -1950 300 450 150 300
putcube 267 38 -2100 -3300 300 450 150 300
putcube 388 42 4800 1650 300 450 150 300
putcube 147 22 1500 -1950 300 450 150 300
putcube 268 38 0 -4350 300 450 150 300
putcube 301 39 -3300 -3150 300 450 150 300
putcube 148 22 2400 -1950 300 450 150 300
putcube 269 38 -2100 -4350 300 450 150 300
putcube 302 39 -2400 -3150 300 450 150 300
putcube 303 39 -2100 -3150 300 450 150 300
putcube 304 39 -1200 -3150 300 450 150 300
putcube 44 4 -900 450 1200 450 150 300
putcube 45 4 0 600 300 1350 1050 300
putcube 49 5 2700 600 300 1350 1050 300
putcube 270 38 0 -4500 300 450 150 300
putcube 271 38 -2100 -4500 300 450 150 300
putcube 273 38 -2100 -5550 300 450 150 300
putcube 274 38 -1200 -5550 300 450 150 300
putcube 275 38 -900 -5550 300 450 150 300
putcube 276 38 0 -5550 300 450 150 300
putcube 432 44 4800 -900 300 450 150 300
putcube 433 44 5100 -900 300 450 150 300
putcube 434 44 6000 -900 300 450 150 300
putcube 435 44 3900 -900 300 450 150 300
putcube 436 44 6000 -1950 300 450 150 300
putcube 437 44 3900 -1950 300 450 150 300
putcube 438 44 6000 -2100 300 450 150 300
putcube 439 44 3900 -2100 300 450 150 300
putcube 50 5 2700 450 1200 450 150 300
putcube 54 6 -900 -750 300 1500 1200 300
putcube 55 6 -900 300 1200 450 150 300
putcube 59 7 -900 -1800 300 1350 1050 300
putcube 161 23 1200 -600 300 300 150 150
putcube 163 24 1500 -600 300 300 150 150
putcube 165 25 1200 -750 300 300 150 150
putcube 320 40 -2400 1500 300 450 150 300
putcube 441 44 3900 -3150 300 450 150 300
putcube 167 26 1500 -750 300 300 150 150
putcube 321 40 -2100 1500 300 450 150 300
putcube 442 44 4800 -3150 300 450 150 300
putcube 201 32 1500 -3150 300 450 150 300
putcube 322 40 -1200 1500 300 450 150 300
putcube 443 44 5100 -3150 300 450 150 300
putcube 202 32 2400 -3150 300 450 150 300
putcube 169 27 1500 -900 300 300 150 150
putcube 323 40 -3300 1500 300 450 150 300
putcube 444 44 6000 -3150 300 450 150 300
putcube 203 32 1500 -2100 300 450 150 300
putcube 324 40 -1200 450 300 450 150 300
putcube 204 32 2400 -2100 300 450 150 300
putcube 325 40 -3300 450 300 450 150 300
putcube 326 40 -1200 300 300 450 150 300
putcube 327 40 -3300 300 300 450 150 300
putcube 60 7 -900 -1950 1200 450 150 300
putcube 329 40 -3300 -750 300 450 150 300
putcube 64 8 2700 -1950 1200 450 150 300
putcube 65 8 3600 -1800 300 1350 1050 300
putcube 69 9 3600 -750 300 1500 1200 300
putcube 171 28 1200 -900 300 300 150 150
putcube 292 39 -2400 -900 300 450 150 300
putcube 293 39 -2100 -900 300 450 150 300
putcube 294 39 -1200 -900 300 450 150 300
putcube 174 29 300 450 300 450 150 300
putcube 295 39 -3300 -900 300 450 150 300
putcube 175 29 1200 450 300 450 150 300
putcube 296 39 -1200 -1950 300 450 150 300
putcube 176 29 300 1500 300 450 150 300
putcube 297 39 -3300 -1950 300 450 150 300
putcube 330 40 -2400 -750 300 450 150 300
putcube 177 29 1200 1500 300 450 150 300
putcube 210 33 0 -3150 300 1500 1200 300
putcube 298 39 -1200 -2100 300 450 150 300
putcube 331 40 -2100 -750 300 450 150 300
putcube 211 33 -900 -2100 1200 450 150 300
putcube 299 39 -3300 -2100 300 450 150 300
putcube 332 40 -1200 -750 300 450 150 300
putcube 215 34 2700 -3150 300 1500 1200 300
putcube 216 34 2700 -2100 1200 450 150 300
putcube 70 9 2700 300 1200 450 150 300
putcube 183 30 1500 450 300 450 150 300
putcube 184 30 2400 450 300 450 150 300
putcube 185 30 1500 1500 300 450 150 300
putcube 186 30 2400 1500 300 450 150 300
putcube 220 35 300 -3300 1200 450 150 300
putcube 221 35 300 -4350 300 450 150 300
putcube 222 35 1200 -4350 300 450 150 300
putcube 101 19 1800 -1000 300 300 150 150
putcube 227 36 1500 -3300 1200 450 150 300
putcube 348 41 -1200 3900 300 450 150 300
putcube 228 36 1500 -4350 300 450 150 300
putcube 349 41 -900 3900 300 450 150 300
putcube 229 36 2400 -4350 300 450 150 300
putcube 87 12 600 -450 300 300 150 150
putcollision 88 12 600 -400 300 150
putcollision 190 30 2400 1700 300 150
putcollision 196 31 300 -2950 300 150
putcollision 230 36 1500 -4150 300 150
putcollision 197 31 1200 -2950 300 150
putcollision 198 31 300 -1900 300 150
putcollision 231 36 2400 -4150 300 150
putcollision 232 36 1500 -3100 1200 150
putcollision 199 31 1200 -1900 300 150
putcollision 90 13 900 -400 300 150
putcollision 361 41 -1200 4100 300 150
putcollision 362 41 -900 4100 300 150
putcollision 363 41 0 4100 300 150
putcollision 364 41 -2100 4100 300 150
putcollision 365 41 0 3050 300 150
putcollision 366 41 -2100 3050 300 150
putcollision 367 41 0 2900 300 150
putcollision 400 42 4800 1850 300 150
putcollision 368 41 -2100 2900 300 150
putcollision 369 41 -2100 1850 300 150
putcollision 249 37 3600 -3100 300 150
putcollision 370 41 -1200 1850 300 150
putcollision 250 37 3900 -3100 300 150
putcollision 371 41 -900 1850 300 150
putcollision 251 37 4800 -3100 300 150
putcollision 372 41 0 1850 300 150
putcollision 252 37 2700 -3100 300 150
putcollision 132 21 1350 1050 300 150
putcollision 253 37 4800 -4150 300 150
putcollision 254 37 2700 -4150 300 150
putcollision 255 37 4800 -4300 300 150
putcollision 256 37 2700 -4300 300 150
putcollision 257 37 2700 -5350 300 150
putcollision 258 37 3600 -5350 300 150
putcollision 259 37 3900 -5350 300 150
putcollision 417 43 4800 1700 300 150
putcollision 418 43 5100 1700 300 150
putcollision 419 43 6000 1700 300 150
putcollision 33 2 300 1850 1200 150
putcollision 34 2 300 2900 300 150
putcollision 35 2 1200 2900 300 150
putcollision 260 37 4800 -5350 300 150
putcollision 420 43 3900 1700 300 150
putcollision 421 43 6000 650 300 150
putcollision 389 42 3600 4100 300 150
putcollision 422 43 3900 650 300 150
putcollision 423 43 6000 500 300 150
putcollision 149 22 1200 500 300 150
putcollision 424 43 3900 500 300 150
putcollision 425 43 3900 -550 300 150
putcollision 305 39 -2400 -700 300 150
putcollision 426 43 4800 -550 300 150
putcollision 306 39 -2100 -700 300 150
putcollision 427 43 5100 -550 300 150
putcollision 307 39 -1200 -700 300 150
putcollision 428 43 6000 -550 300 150
putcollision 308 39 -3300 -700 300 150
putcollision 40 3 1500 1850 1200 150
putcollision 309 39 -1200 -1750 300 150
putcollision 41 3 1500 2900 300 150
putcollision 42 3 2400 2900 300 150
putcollision 46 4 -900 650 1200 150
putcollision 47 4 0 650 300 1200
putcollision 390 42 3900 4100 300 150
putcollision 391 42 4800 4100 300 150
putcollision 150 22 1500 500 300 150
putcollision 392 42 2700 4100 300 150
putcollision 151 22 2400 500 300 150
putcollision 393 42 4800 3050 300 150
putcollision 152 22 300 500 300 150
putcollision 394 42 2700 3050 300 150
putcollision 153 22 2400 -550 300 150
putcollision 395 42 4800 2900 300 150
putcollision 154 22 300 -550 300 150
putcollision 396 42 2700 2900 300 150
putcollision 155 22 2400 -700 300 150
putcollision 397 42 2700 1850 300 150
putcollision 156 22 300 -700 300 150
putcollision 277 38 -1200 -3100 300 150
putcollision 310 39 -3300 -1750 300 150
putcollision 398 42 3600 1850 300 150
putcollision 157 22 300 -1750 300 150
putcollision 278 38 -900 -3100 300 150
putcollision 311 39 -1200 -1900 300 150
putcollision 399 42 3900 1850 300 150
putcollision 158 22 1200 -1750 300 150
putcollision 279 38 0 -3100 300 150
putcollision 312 39 -3300 -1900 300 150
putcollision 159 22 1500 -1750 300 150
putcollision 313 39 -3300 -2950 300 150
putcollision 314 39 -2400 -2950 300 150
putcollision 315 39 -2100 -2950 300 150
putcollision 316 39 -1200 -2950 300 150
putcollision 51 5 2700 650 300 1200
putcollision 52 5 2700 650 1200 150
putcollision 56 6 -900 -550 300 1150
putcollision 57 6 -900 500 1200 150
putcollision 280 38 -2100 -3100 300 150
putcollision 160 22 2400 -1750 300 150
putcollision 281 38 0 -4150 300 150
putcollision 282 38 -2100 -4150 300 150
putcollision 162 23 1200 -550 300 150
putcollision 283 38 0 -4300 300 150
putcollision 284 38 -2100 -4300 300 150
putcollision 164 24 1500 -550 300 150
putcollision 285 38 -2100 -5350 300 150
putcollision 286 38 -1200 -5350 300 150
putcollision 166 25 1200 -700 300 150
putcollision 287 38 -900 -5350 300 150
putcollision 288 38 0 -5350 300 150
putcollision 168 26 1500 -700 300 150
putcollision 445 44 4800 -700 300 150
putcollision 446 44 5100 -700 300 150
putcollision 205 32 1500 -2950 300 150
putcollision 447 44 6000 -700 300 150
putcollision 206 32 2400 -2950 300 150
putcollision 448 44 3900 -700 300 150
putcollision 207 32 1500 -1900 300 150
putcollision 449 44 6000 -1750 300 150
putcollision 208 32 2400 -1900 300 150
putcollision 61 7 -900 -1750 300 1200
putcollision 62 7 -900 -1750 1200 150
putcollision 66 8 2700 -1750 1200 150
putcollision 67 8 3600 -1750 300 1200
putcollision 170 27 1500 -850 300 150
putcollision 172 28 1200 -850 300 150
putcollision 450 44 3900 -1750 300 150
putcollision 451 44 6000 -1900 300 150
putcollision 452 44 3900 -1900 300 150
putcollision 178 29 300 650 300 150
putcollision 453 44 3900 -2950 300 150
putcollision 212 33 0 -2950 300 1200
putcollision 179 29 1200 650 300 150
putcollision 333 40 -2400 1700 300 150
putcollision 454 44 4800 -2950 300 150
putcollision 213 33 -900 -1900 1200 150
putcollision 334 40 -2100 1700 300 150
putcollision 455 44 5100 -2950 300 150
putcollision 335 40 -1200 1700 300 150
putcollision 456 44 6000 -2950 300 150
putcollision 336 40 -3300 1700 300 150
putcollision 337 40 -1200 650 300 150
putcollision 217 34 2700 -2950 300 1150
putcollision 338 40 -3300 650 300 150
putcollision 218 34 2700 -1900 1200 150
putcollision 339 40 -1200 500 300 150
putcollision 71 9 3600 -550 300 1200
putcollision 72 9 2700 500 1200 150
putcollision 180 29 300 1700 300 150
putcollision 181 29 1200 1700 300 150
putcollision 340 40 -3300 500 300 150
putcollision 187 30 1500 650 300 150
putcollision 341 40 -3300 -550 300 150
putcollision 100 18 2100 -950 300 150
putcollision 188 30 2400 650 300 150
putcollision 342 40 -2400 -550 300 150
putcollision 189 30 1500 1700 300 150
putcollision 343 40 -2100 -550 300 150
putcollision 102 19 1800 -950 300 150
putcollision 223 35 300 -4150 300 150
putcollision 344 40 -1200 -550 300 150
putcollision 224 35 1200 -4150 300 150
putcollision 225 35 300 -3100 1200 150
putitem ITEM_SPAWNPOINT 11 3300 0
putitem ITEM_SPAWNPOINT 22 2100 -2950
putitem ITEM_SPAWNPOINT 12 3300 -300
putitem ITEM_SPAWNPOINT 23 300 -2200
putitem ITEM_SPAWNPOINT 13 -600 -300
putitem ITEM_SPAWNPOINT 24 2400 -2200
putitem ITEM_FLAG 25 1350 -400
putitem ITEM_SPAWNPOINT 14 -600 0
putitem ITEM_SPAWNPOINT 15 -600 -1500
putitem ITEM_SPAWNPOINT 16 3300 -1500
putitem ITEM_SPAWNPOINT 19 600 -2950
putitem ITEM_TELEPORTER_BLUE 3 1950 -700
putitem ITEM_TELEPORTER_BLUE 4 750 -700
putitem ITEM_SPAWNPOINT 5 600 1500
putitem ITEM_SPAWNPOINT 6 900 1500
putitem ITEM_SPAWNPOINT 7 1800 1500
putitem ITEM_SPAWNPOINT 8 2100 1500
putitem ITEM_SPAWNPOINT 20 900 -2950
putitem ITEM_SPAWNPOINT 21 1800 -2950
