load
gamemode 1
putfloor 193 48 1200 1200
putfloor 394 56 -4800 7200
putfloor 395 56 -6000 8400
putfloor 198 49 1200 -2400
putfloor 396 56 -4800 8400
putfloor 199 49 0 -1200
putfloor 310 53 -2400 6000
putfloor 311 53 -3600 7200
putfloor 312 53 -2400 7200
putfloor 159 35 -6000 3600
putfloor 237 50 2400 -1200
putfloor 90 16 2400 1200
putfloor 95 17 2400 2400
putfloor 11 3 0 1200
putfloor 282 52 3600 3600
putfloor 283 52 2400 4800
putfloor 284 52 3600 4800
putfloor 120 28 -3600 3600
putfloor 164 36 -6000 4800
putfloor 1 1 1200 0
putfloor 321 53 -3600 6000
putfloor 200 49 1200 -1200
putfloor 366 55 -6000 1200
putfloor 125 29 -3600 4800
putfloor 367 55 -7200 2400
putfloor 368 55 -6000 2400
putfloor 6 2 0 0
putfloor 405 56 -6000 7200
putfloor 209 49 0 -2400
putfloor 23 5 0 2400
putfloor 28 6 1200 2400
putfloor 293 52 2400 3600
putfloor 130 30 -4800 6000
putfloor 254 51 1200 3600
putfloor 255 51 0 4800
putfloor 256 51 1200 4800
putfloor 135 31 -6000 6000
putfloor 377 55 -7200 1200
putfloor 338 54 -3600 1200
putfloor 339 54 -4800 2400
putfloor 140 32 -4800 3600
putfloor 340 54 -3600 2400
putfloor 265 51 0 3600
putfloor 145 33 -4800 4800
putfloor 226 50 3600 -1200
putfloor 227 50 2400 0
putfloor 228 50 3600 0
putfloor 349 54 -4800 1200
putcube 191 47 -3800 4950 300 300 150 150
putcube 194 48 1200 1050 300 1500 1200 300
putcube 195 48 1200 2100 1200 450 150 300
putcube 350 54 -4800 1050 300 450 150 300
putcube 230 50 3600 900 300 450 150 300
putcube 351 54 -3900 1050 300 450 150 300
putcube 110 23 2400 1350 300 300 150 150
putcube 231 50 4500 900 300 450 150 300
putcube 352 54 -3600 1050 300 450 150 300
putcube 353 54 -2700 1050 300 450 150 300
putcube 232 50 2400 900 300 450 150 300
putcube 233 50 4500 -150 300 450 150 300
putcube 112 24 1050 150 300 300 150 150
putcube 234 50 2400 -150 300 450 150 300
putcube 235 50 4500 -300 300 450 150 300
putcube 236 50 2400 -300 300 450 150 300
putcube 116 26 2700 2250 300 300 150 150
putcube 238 50 2400 -1350 300 450 150 300
putcube 239 50 3300 -1350 300 450 150 300
putcube 118 27 1800 1100 300 300 150 150
putcube 91 16 2400 1050 1200 450 150 300
putcube 92 16 3300 1200 300 1350 1050 300
putcube 96 17 3300 2250 300 1500 1200 300
putcube 97 17 2400 3300 1200 450 150 300
putcube 12 3 0 1050 300 1500 1200 300
putcube 13 3 900 1050 300 450 150 300
putcube 14 3 900 2100 300 450 150 300
putcube 240 50 3600 -1350 300 450 150 300
putcube 241 50 4500 -1350 300 450 150 300
putcube 121 28 -3600 3450 1200 450 150 300
putcube 122 28 -2700 3600 300 1350 1050 300
putcube 2 1 1200 -150 1200 450 150 300
putcube 3 1 2100 0 300 1350 1050 300
putcube 400 56 -6000 9300 300 450 150 300
putcube 126 29 -2700 4650 300 1500 1200 300
putcube 401 56 -3900 8250 300 450 150 300
putcube 127 29 -3600 5700 1200 450 150 300
putcube 369 55 -6300 3300 300 450 150 300
putcube 402 56 -6000 8250 300 450 150 300
putcube 7 2 0 0 300 1350 1050 300
putcube 403 56 -3900 8100 300 450 150 300
putcube 8 2 0 -150 1200 450 150 300
putcube 404 56 -6000 8100 300 450 150 300
putcube 406 56 -6000 7050 300 450 150 300
putcube 407 56 -5100 7050 300 450 150 300
putcube 408 56 -4800 7050 300 450 150 300
putcube 409 56 -3900 7050 300 450 150 300
putcube 24 5 0 2250 300 1500 1200 300
putcube 25 5 0 3300 1200 450 150 300
putcube 29 6 1200 3300 1200 450 150 300
putcube 370 55 -6000 3300 300 450 150 300
putcube 371 55 -5100 3300 300 450 150 300
putcube 372 55 -7200 3300 300 450 150 300
putcube 131 30 -3900 5850 300 1500 1200 300
putcube 373 55 -5100 2250 300 450 150 300
putcube 132 30 -4800 6900 1200 450 150 300
putcube 374 55 -7200 2250 300 450 150 300
putcube 375 55 -5100 2100 300 450 150 300
putcube 376 55 -7200 2100 300 450 150 300
putcube 136 31 -6000 5850 300 1500 1200 300
putcube 257 51 900 5700 300 450 150 300
putcube 378 55 -7200 1050 300 450 150 300
putcube 137 31 -6000 6900 1200 450 150 300
putcube 258 51 1200 5700 300 450 150 300
putcube 379 55 -6300 1050 300 450 150 300
putcube 259 51 2100 5700 300 450 150 300
putcube 30 6 1200 2250 300 450 150 300
putcube 31 6 2100 2250 300 450 150 300
putcube 380 55 -6000 1050 300 450 150 300
putcube 260 51 0 5700 300 450 150 300
putcube 381 55 -5100 1050 300 450 150 300
putcube 261 51 2100 4650 300 450 150 300
putcube 141 32 -4800 3450 1200 450 150 300
putcube 262 51 0 4650 300 450 150 300
putcube 142 32 -4800 4500 1200 450 150 300
putcube 263 51 2100 4500 300 450 150 300
putcube 264 51 0 4500 300 450 150 300
putcube 266 51 0 3450 300 450 150 300
putcube 146 33 -4800 4650 300 450 150 300
putcube 267 51 900 3450 300 450 150 300
putcube 147 33 -3900 4650 300 450 150 300
putcube 268 51 1200 3450 300 450 150 300
putcube 148 33 -4800 5700 300 450 150 300
putcube 269 51 2100 3450 300 450 150 300
putcube 149 33 -3900 5700 300 450 150 300
putcube 397 56 -5100 9300 300 450 150 300
putcube 398 56 -4800 9300 300 450 150 300
putcube 399 56 -3900 9300 300 450 150 300
putcube 313 53 -2700 8100 300 450 150 300
putcube 314 53 -2400 8100 300 450 150 300
putcube 315 53 -1500 8100 300 450 150 300
putcube 316 53 -3600 8100 300 450 150 300
putcube 317 53 -1500 7050 300 450 150 300
putcube 318 53 -3600 7050 300 450 150 300
putcube 319 53 -1500 6900 300 450 150 300
putcube 160 35 -6000 3600 300 1350 1050 300
putcube 161 35 -6000 3450 1200 450 150 300
putcube 285 52 3300 5700 300 450 150 300
putcube 165 36 -6000 4650 300 1500 1200 300
putcube 286 52 3600 5700 300 450 150 300
putcube 166 36 -5100 4650 300 450 150 300
putcube 287 52 4500 5700 300 450 150 300
putcube 320 53 -3600 6900 300 450 150 300
putcube 167 36 -5100 5700 300 450 150 300
putcube 288 52 2400 5700 300 450 150 300
putcube 201 49 900 -300 300 450 150 300
putcube 289 52 4500 4650 300 450 150 300
putcube 322 53 -3600 5850 300 450 150 300
putcube 202 49 1200 -300 300 450 150 300
putcube 323 53 -2700 5850 300 450 150 300
putcube 203 49 2100 -300 300 450 150 300
putcube 324 53 -2400 5850 300 450 150 300
putcube 204 49 0 -300 300 450 150 300
putcube 325 53 -1500 5850 300 450 150 300
putcube 205 49 2100 -1350 300 450 150 300
putcube 206 49 0 -1350 300 450 150 300
putcube 207 49 2100 -1500 300 450 150 300
putcube 208 49 0 -1500 300 450 150 300
putcube 290 52 2400 4650 300 450 150 300
putcube 291 52 4500 4500 300 450 150 300
putcube 171 37 -5100 6000 300 300 150 150
putcube 292 52 2400 4500 300 450 150 300
putcube 173 38 -5700 5400 300 300 150 150
putcube 294 52 2400 3450 300 450 150 300
putcube 295 52 3300 3450 300 450 150 300
putcube 175 39 -5600 5200 300 300 150 150
putcube 296 52 3600 3450 300 450 150 300
putcube 297 52 4500 3450 300 450 150 300
putcube 177 40 -4350 3750 300 300 150 150
putcube 210 49 0 -2550 300 450 150 300
putcube 211 49 900 -2550 300 450 150 300
putcube 179 41 -4350 3900 300 300 150 150
putcube 212 49 1200 -2550 300 450 150 300
putcube 213 49 2100 -2550 300 450 150 300
putcube 181 42 -3000 4650 300 300 150 150
putcube 183 43 -3600 5600 300 300 150 150
putcube 341 54 -3900 3300 300 450 150 300
putcube 100 18 600 1250 300 300 150 150
putcube 342 54 -3600 3300 300 450 150 300
putcube 189 46 -4500 5900 300 300 150 150
putcube 343 54 -2700 3300 300 450 150 300
putcube 102 19 300 2350 300 300 150 150
putcube 344 54 -4800 3300 300 450 150 300
putcube 345 54 -2700 2250 300 450 150 300
putcube 104 20 1500 3200 300 300 150 150
putcube 346 54 -4800 2250 300 450 150 300
putcube 347 54 -2700 2100 300 450 150 300
putcube 106 21 1500 3100 300 300 150 150
putcube 348 54 -4800 2100 300 450 150 300
putcube 108 22 2100 2550 300 300 150 150
putcube 229 50 3300 900 300 450 150 300
putcollision 190 46 -4500 5950 300 150
putcollision 192 47 -3800 5000 300 150
putcollision 196 48 1200 1250 300 1150
putcollision 197 48 1200 2300 1200 150
putcollision 111 23 2400 1400 300 150
putcollision 354 54 -3900 3500 300 150
putcollision 113 24 1050 200 300 150
putcollision 355 54 -3600 3500 300 150
putcollision 356 54 -2700 3500 300 150
putcollision 357 54 -4800 3500 300 150
putcollision 358 54 -2700 2450 300 150
putcollision 117 26 2700 2300 300 150
putcollision 359 54 -4800 2450 300 150
putcollision 119 27 1800 1150 300 150
putcollision 93 16 2400 1250 1200 150
putcollision 94 16 3300 1250 300 1200
putcollision 98 17 3300 2450 300 1200
putcollision 10 2 0 50 1200 150
putcollision 99 17 2400 3500 1200 150
putcollision 15 3 0 1250 300 1200
putcollision 16 3 900 1250 300 150
putcollision 17 3 900 2300 300 150
putcollision 360 54 -2700 2300 300 150
putcollision 361 54 -4800 2300 300 150
putcollision 362 54 -4800 1250 300 150
putcollision 242 50 3300 1100 300 150
putcollision 363 54 -3900 1250 300 150
putcollision 243 50 3600 1100 300 150
putcollision 364 54 -3600 1250 300 150
putcollision 123 28 -3600 3650 1200 150
putcollision 244 50 4500 1100 300 150
putcollision 365 54 -2700 1250 300 150
putcollision 124 28 -2700 3650 300 1200
putcollision 245 50 2400 1100 300 150
putcollision 4 1 1200 50 1200 150
putcollision 246 50 4500 50 300 150
putcollision 5 1 2100 50 300 1200
putcollision 247 50 2400 50 300 150
putcollision 248 50 4500 -100 300 150
putcollision 128 29 -2700 4850 300 1200
putcollision 249 50 2400 -100 300 150
putcollision 129 29 -3600 5900 1200 150
putcollision 9 2 0 50 300 1200
putcollision 26 5 0 2450 300 1150
putcollision 27 5 0 3500 1200 150
putcollision 250 50 2400 -1150 300 150
putcollision 251 50 3300 -1150 300 150
putcollision 252 50 3600 -1150 300 150
putcollision 253 50 4500 -1150 300 150
putcollision 133 30 -3900 6050 300 1200
putcollision 134 30 -4800 7100 1200 150
putcollision 410 56 -5100 9500 300 150
putcollision 411 56 -4800 9500 300 150
putcollision 412 56 -3900 9500 300 150
putcollision 138 31 -6000 6050 300 1150
putcollision 413 56 -6000 9500 300 150
putcollision 139 31 -6000 7100 1200 150
putcollision 414 56 -3900 8450 300 150
putcollision 415 56 -6000 8450 300 150
putcollision 416 56 -3900 8300 300 150
putcollision 417 56 -6000 8300 300 150
putcollision 418 56 -6000 7250 300 150
putcollision 419 56 -5100 7250 300 150
putcollision 32 6 1200 2450 300 150
putcollision 33 6 2100 2450 300 150
putcollision 34 6 1200 3500 1200 150
putcollision 382 55 -6300 3500 300 150
putcollision 383 55 -6000 3500 300 150
putcollision 384 55 -5100 3500 300 150
putcollision 143 32 -4800 3650 1200 150
putcollision 385 55 -7200 3500 300 150
putcollision 144 32 -4800 4700 1200 150
putcollision 386 55 -5100 2450 300 150
putcollision 387 55 -7200 2450 300 150
putcollision 420 56 -4800 7250 300 150
putcollision 300 52 4500 5900 300 150
putcollision 388 55 -5100 2300 300 150
putcollision 421 56 -3900 7250 300 150
putcollision 301 52 2400 5900 300 150
putcollision 389 55 -7200 2300 300 150
putcollision 302 52 4500 4850 300 150
putcollision 303 52 2400 4850 300 150
putcollision 304 52 4500 4700 300 150
putcollision 305 52 2400 4700 300 150
putcollision 306 52 2400 3650 300 150
putcollision 307 52 3300 3650 300 150
putcollision 308 52 3600 3650 300 150
putcollision 309 52 4500 3650 300 150
putcollision 390 55 -7200 1250 300 150
putcollision 270 51 900 5900 300 150
putcollision 391 55 -6300 1250 300 150
putcollision 150 33 -4800 4850 300 150
putcollision 271 51 1200 5900 300 150
putcollision 392 55 -6000 1250 300 150
putcollision 151 33 -3900 4850 300 150
putcollision 272 51 2100 5900 300 150
putcollision 393 55 -5100 1250 300 150
putcollision 152 33 -4800 5900 300 150
putcollision 273 51 0 5900 300 150
putcollision 153 33 -3900 5900 300 150
putcollision 274 51 2100 4850 300 150
putcollision 275 51 0 4850 300 150
putcollision 276 51 2100 4700 300 150
putcollision 277 51 0 4700 300 150
putcollision 278 51 0 3650 300 150
putcollision 279 51 900 3650 300 150
putcollision 280 51 1200 3650 300 150
putcollision 281 51 2100 3650 300 150
putcollision 162 35 -6000 3650 300 1200
putcollision 163 35 -6000 3650 1200 150
putcollision 168 36 -6000 4850 300 1200
putcollision 169 36 -5100 4850 300 150
putcollision 326 53 -2700 8300 300 150
putcollision 327 53 -2400 8300 300 150
putcollision 328 53 -1500 8300 300 150
putcollision 329 53 -3600 8300 300 150
putcollision 170 36 -5100 5900 300 150
putcollision 172 37 -5100 6050 300 150
putcollision 174 38 -5700 5450 300 150
putcollision 176 39 -5600 5250 300 150
putcollision 330 53 -1500 7250 300 150
putcollision 298 52 3300 5900 300 150
putcollision 331 53 -3600 7250 300 150
putcollision 178 40 -4350 3800 300 150
putcollision 299 52 3600 5900 300 150
putcollision 332 53 -1500 7100 300 150
putcollision 333 53 -3600 7100 300 150
putcollision 334 53 -3600 6050 300 150
putcollision 214 49 900 -100 300 150
putcollision 335 53 -2700 6050 300 150
putcollision 215 49 1200 -100 300 150
putcollision 336 53 -2400 6050 300 150
putcollision 216 49 2100 -100 300 150
putcollision 337 53 -1500 6050 300 150
putcollision 217 49 0 -100 300 150
putcollision 218 49 2100 -1150 300 150
putcollision 219 49 0 -1150 300 150
putcollision 180 41 -4350 3950 300 150
putcollision 182 42 -3000 4700 300 150
putcollision 184 43 -3600 5650 300 150
putcollision 220 49 2100 -1300 300 150
putcollision 221 49 0 -1300 300 150
putcollision 101 18 600 1300 300 150
putcollision 222 49 0 -2350 300 150
putcollision 223 49 900 -2350 300 150
putcollision 224 49 1200 -2350 300 150
putcollision 103 19 300 2400 300 150
putcollision 225 49 2100 -2350 300 150
putcollision 105 20 1500 3250 300 150
putcollision 107 21 1500 3150 300 150
putcollision 109 22 2100 2600 300 150
putitem ITEM_PLAYERSPAWN 22 600 1450
putitem ITEM_PLAYERSPAWN 23 600 200
putitem ITEM_PLAYERSPAWN 24 2700 1400
putitem ITEM_PLAYERSPAWN 25 1200 3150
putitem ITEM_PLAYERSPAWN 26 900 3150
putitem ITEM_PLAYERSPAWN 27 -4650 3800
putitem ITEM_PLAYERSPAWN 28 -4950 3800
putitem ITEM_PLAYERSPAWN 29 -5250 3800
putitem ITEM_PLAYERSPAWN 30 -5700 5650
putitem ITEM_PLAYERSPAWN 31 -4500 6100
putitem ITEM_SPAWNPOINT 10 300 3100
putitem ITEM_PLAYERSPAWN 32 -5100 6200
putitem ITEM_TELEPORTER_BLUE 11 -5700 6800
putitem ITEM_PLAYERSPAWN 33 -4500 6800
putitem ITEM_TELEPORTER_RED 12 -3000 3800
putitem ITEM_PLAYERSPAWN 34 -4200 6800
putitem ITEM_SPAWNPOINT 13 -5700 3800
putitem ITEM_PLAYERSPAWN 35 -3300 5500
putitem ITEM_SPAWNPOINT 14 -5100 5000
putitem ITEM_SPAWNPOINT 15 -4800 5000
putitem ITEM_SPAWNPOINT 16 -4500 4850
putitem ITEM_SPAWNPOINT 17 -4200 4850
putitem ITEM_SPAWNPOINT 19 -4800 6050
putitem ITEM_TELEPORTER_BLUE 1 1800 200
putitem ITEM_TELEPORTER_RED 2 3000 3200
putitem ITEM_SPAWNPOINT 3 1500 2450
putitem ITEM_SPAWNPOINT 4 1800 2450
putitem ITEM_SPAWNPOINT 5 900 2450
putitem ITEM_SPAWNPOINT 6 900 1800
putitem ITEM_SPAWNPOINT 7 900 1500
putitem ITEM_SPAWNPOINT 8 2100 1250
putitem ITEM_SPAWNPOINT 9 300 200
putitem ITEM_SPAWNPOINT 20 -3000 5500
putitem ITEM_PLAYERSPAWN 21 300 2550
