load
gamemode 1
putfloor 270 67 -7200 2400
putfloor 271 67 -6000 2400
putfloor 272 68 -3600 6000
putfloor 273 68 -2400 6000
putfloor 274 68 -3600 7200
putfloor 275 68 -2400 7200
putfloor 276 69 -6000 7200
putfloor 277 69 -4800 7200
putfloor 278 69 -6000 8400
putfloor 279 69 -4800 8400
putfloor 159 35 -6000 3600
putfloor 90 16 2400 1200
putfloor 239 61 1200 1200
putfloor 95 17 2400 2400
putfloor 11 3 0 1200
putfloor 164 36 -6000 4800
putfloor 120 28 -3600 3600
putfloor 1 1 1200 0
putfloor 125 29 -3600 4800
putfloor 6 2 0 0
putfloor 248 62 0 -2400
putfloor 249 62 1200 -2400
putfloor 209 52 -4800 3600
putfloor 23 5 0 2400
putfloor 28 6 1200 2400
putfloor 250 62 0 -1200
putfloor 251 62 1200 -1200
putfloor 130 30 -4800 6000
putfloor 252 63 2400 -1200
putfloor 253 63 3600 -1200
putfloor 254 63 2400 0
putfloor 255 63 3600 0
putfloor 256 64 0 3600
putfloor 135 31 -6000 6000
putfloor 257 64 1200 3600
putfloor 258 64 0 4800
putfloor 259 64 1200 4800
putfloor 260 65 2400 3600
putfloor 261 65 3600 3600
putfloor 262 65 2400 4800
putfloor 263 65 3600 4800
putfloor 264 66 -4800 1200
putfloor 265 66 -3600 1200
putfloor 145 33 -4800 4800
putfloor 266 66 -4800 2400
putfloor 267 66 -3600 2400
putfloor 268 67 -7200 1200
putfloor 269 67 -6000 1200
putcube 191 47 -3800 4950 300 300 150 150
putcube 110 23 2400 1350 300 300 150 150
putcube 112 24 1050 150 300 300 150 150
putcube 235 59 1500 2100 300 450 150 300
putcube 116 26 2700 2250 300 300 150 150
putcube 237 60 1200 1950 300 450 150 300
putcube 118 27 1800 1100 300 300 150 150
putcube 91 16 2400 1050 1200 450 150 300
putcube 92 16 3300 1200 300 1350 1050 300
putcube 96 17 3300 2250 300 1500 1200 300
putcube 97 17 2400 3300 1200 450 150 300
putcube 12 3 0 1050 300 1500 1200 300
putcube 13 3 900 1050 300 450 150 300
putcube 14 3 900 2100 300 450 150 300
putcube 160 35 -6000 3600 300 1350 1050 300
putcube 161 35 -6000 3450 1200 450 150 300
putcube 240 61 1200 1050 300 450 150 300
putcube 241 61 2100 1050 300 450 150 300
putcube 121 28 -3600 3450 1200 450 150 300
putcube 165 36 -6000 4650 300 1500 1200 300
putcube 242 61 1200 2100 300 450 150 300
putcube 166 36 -5100 4650 300 450 150 300
putcube 122 28 -2700 3600 300 1350 1050 300
putcube 243 61 2100 2100 300 450 150 300
putcube 2 1 1200 -150 1200 450 150 300
putcube 167 36 -5100 5700 300 450 150 300
putcube 3 1 2100 0 300 1350 1050 300
putcube 126 29 -2700 4650 300 1500 1200 300
putcube 127 29 -3600 5700 1200 450 150 300
putcube 7 2 0 0 300 1350 1050 300
putcube 205 50 -4350 3600 300 450 150 300
putcube 8 2 0 -150 1200 450 150 300
putcube 207 51 -4350 3750 300 450 150 300
putcube 24 5 0 2250 300 1500 1200 300
putcube 25 5 0 3300 1200 450 150 300
putcube 29 6 1200 3300 1200 450 150 300
putcube 171 37 -5100 6000 300 300 150 150
putcube 173 38 -5700 5400 300 300 150 150
putcube 131 30 -3900 5850 300 1500 1200 300
putcube 175 39 -5600 5200 300 300 150 150
putcube 132 30 -4800 6900 1200 450 150 300
putcube 210 52 -4800 3450 1200 450 150 300
putcube 211 52 -4800 4500 300 450 150 300
putcube 212 52 -3900 4500 300 450 150 300
putcube 136 31 -6000 5850 300 1500 1200 300
putcube 137 31 -6000 6900 1200 450 150 300
putcube 30 6 1200 2250 300 450 150 300
putcube 31 6 2100 2250 300 450 150 300
putcube 181 42 -3000 4650 300 300 150 150
putcube 183 43 -3600 5600 300 300 150 150
putcube 100 18 600 1250 300 300 150 150
putcube 189 46 -4500 5900 300 300 150 150
putcube 146 33 -4800 4650 300 450 150 300
putcube 102 19 300 2350 300 300 150 150
putcube 147 33 -3900 4650 300 450 150 300
putcube 148 33 -4800 5700 300 450 150 300
putcube 104 20 1500 3200 300 300 150 150
putcube 149 33 -3900 5700 300 450 150 300
putcube 106 21 1500 3100 300 300 150 150
putcube 108 22 2100 2550 300 300 150 150
putcollision 190 46 -4500 5950 300 150
putcollision 192 47 -3800 5000 300 150
putcollision 150 33 -4800 4850 300 150
putcollision 151 33 -3900 4850 300 150
putcollision 152 33 -4800 5900 300 150
putcollision 153 33 -3900 5900 300 150
putcollision 111 23 2400 1400 300 150
putcollision 113 24 1050 200 300 150
putcollision 236 59 1500 2300 300 150
putcollision 117 26 2700 2300 300 150
putcollision 238 60 1200 2150 300 150
putcollision 119 27 1800 1150 300 150
putcollision 93 16 2400 1250 1200 150
putcollision 94 16 3300 1250 300 1200
putcollision 98 17 3300 2450 300 1200
putcollision 10 2 0 50 1200 150
putcollision 99 17 2400 3500 1200 150
putcollision 15 3 0 1250 300 1200
putcollision 16 3 900 1250 300 150
putcollision 17 3 900 2300 300 150
putcollision 162 35 -6000 3650 300 1200
putcollision 163 35 -6000 3650 1200 150
putcollision 123 28 -3600 3650 1200 150
putcollision 244 61 1200 1250 300 150
putcollision 124 28 -2700 3650 300 1200
putcollision 168 36 -6000 4850 300 1200
putcollision 245 61 2100 1250 300 150
putcollision 4 1 1200 50 1200 150
putcollision 169 36 -5100 4850 300 150
putcollision 246 61 1200 2300 300 150
putcollision 5 1 2100 50 300 1200
putcollision 247 61 2100 2300 300 150
putcollision 128 29 -2700 4850 300 1200
putcollision 129 29 -3600 5900 1200 150
putcollision 206 50 -4350 3800 300 150
putcollision 9 2 0 50 300 1200
putcollision 208 51 -4350 3950 300 150
putcollision 26 5 0 2450 300 1150
putcollision 27 5 0 3500 1200 150
putcollision 170 36 -5100 5900 300 150
putcollision 172 37 -5100 6050 300 150
putcollision 174 38 -5700 5450 300 150
putcollision 176 39 -5600 5250 300 150
putcollision 133 30 -3900 6050 300 1200
putcollision 134 30 -4800 7100 1200 150
putcollision 213 52 -4800 3650 1200 150
putcollision 214 52 -4800 4700 300 150
putcollision 138 31 -6000 6050 300 1150
putcollision 215 52 -3900 4700 300 150
putcollision 139 31 -6000 7100 1200 150
putcollision 32 6 1200 2450 300 150
putcollision 33 6 2100 2450 300 150
putcollision 34 6 1200 3500 1200 150
putcollision 182 42 -3000 4700 300 150
putcollision 184 43 -3600 5650 300 150
putcollision 101 18 600 1300 300 150
putcollision 103 19 300 2400 300 150
putcollision 105 20 1500 3250 300 150
putcollision 107 21 1500 3150 300 150
putcollision 109 22 2100 2600 300 150
putitem ITEM_PLAYERSPAWN 22 600 1450
putitem ITEM_PLAYERSPAWN 23 600 200
putitem ITEM_PLAYERSPAWN 24 2700 1400
putitem ITEM_PLAYERSPAWN 25 1200 3150
putitem ITEM_PLAYERSPAWN 26 900 3150
putitem ITEM_PLAYERSPAWN 27 -4650 3800
putitem ITEM_PLAYERSPAWN 28 -4950 3800
putitem ITEM_PLAYERSPAWN 29 -5250 3800
putitem ITEM_PLAYERSPAWN 30 -5700 5650
putitem ITEM_PLAYERSPAWN 31 -4500 6100
putitem ITEM_SPAWNPOINT 10 300 3100
putitem ITEM_PLAYERSPAWN 32 -5100 6200
putitem ITEM_TELEPORTER_BLUE 11 -5700 6800
putitem ITEM_PLAYERSPAWN 33 -4500 6800
putitem ITEM_TELEPORTER_RED 12 -3000 3800
putitem ITEM_PLAYERSPAWN 34 -4200 6800
putitem ITEM_SPAWNPOINT 13 -5700 3800
putitem ITEM_PLAYERSPAWN 35 -3300 5500
putitem ITEM_SPAWNPOINT 14 -5100 5000
putitem ITEM_SPAWNPOINT 15 -4800 5000
putitem ITEM_SPAWNPOINT 16 -4500 4850
putitem ITEM_SPAWNPOINT 17 -4200 4850
putitem ITEM_SPAWNPOINT 19 -4800 6050
putitem ITEM_TELEPORTER_BLUE 1 1800 200
putitem ITEM_TELEPORTER_RED 2 3000 3200
putitem ITEM_SPAWNPOINT 3 1500 2450
putitem ITEM_SPAWNPOINT 4 1800 2450
putitem ITEM_SPAWNPOINT 5 900 2450
putitem ITEM_SPAWNPOINT 6 900 1800
putitem ITEM_SPAWNPOINT 7 900 1500
putitem ITEM_SPAWNPOINT 8 2100 1250
putitem ITEM_SPAWNPOINT 9 300 200
putitem ITEM_SPAWNPOINT 20 -3000 5500
putitem ITEM_PLAYERSPAWN 21 300 2550
